Solving instance: car1

Makespan: 7684
Job schedule (job, stage, start, end):
0 0 1086 1461
0 1 1512 1524
0 2 2523 2665
0 3 3057 3302
0 4 5078 5490
1 0 5043 5675
1 1 5675 6127
1 2 6127 6885
1 3 6885 7163
1 4 7163 7561
2 0 1060 1072
2 1 1524 2400
2 2 2400 2524
2 3 2524 3058
2 4 3325 4090
3 0 3942 4402
3 1 4402 4944
3 2 4944 5467
3 3 6006 6126
3 4 6212 6711
4 0 0 528
4 1 528 629
4 2 629 1418
4 3 1418 1542
4 4 1542 2541
5 0 3146 3942
5 1 4053 4298
5 2 4298 4930
5 3 5631 6006
5 4 7561 7684
6 0 1461 1993
6 1 2400 2630
6 2 2666 3209
6 3 4525 5421
6 4 6711 7163
7 0 1072 1086
7 1 1086 1210
7 2 1418 1632
7 3 1632 2175
7 4 2541 3326
8 0 1993 2250
8 1 2630 3157
8 2 3209 3962
8 3 5421 5631
8 4 5749 6212
9 0 2250 3146
9 1 3157 4053
9 2 4053 4267
9 3 4267 4525
9 4 5490 5749
10 0 528 1060
10 1 1210 1512
10 2 1632 2133
10 3 3302 4067
10 4 4090 5078
