Solving instance: car1

Makespan: 7037
Job schedule (job, stage, start, end):
0 0 554 929
0 1 1014 1026
0 2 1026 1168
0 3 1168 1413
0 4 1680 2092
1 0 1461 2093
1 1 2093 2545
1 2 2581 3339
1 3 3578 3856
1 4 3856 4254
2 0 14 26
2 1 138 1014
2 2 1167 1291
2 3 1413 1947
2 4 2092 2857
3 0 2093 2553
3 1 2553 3095
3 2 3339 3862
3 3 3862 3982
3 4 5241 5740
4 0 26 554
4 1 1026 1127
4 2 1291 2080
4 3 2080 2204
4 4 2857 3856
5 0 3085 3881
5 1 3881 4126
5 2 4405 5037
5 3 5301 5676
5 4 5740 5863
6 0 2553 3085
6 1 3095 3325
6 2 3862 4405
6 3 4405 5301
6 4 5863 6315
7 0 0 14
7 1 14 138
7 2 138 352
7 3 352 895
7 4 895 1680
8 0 3881 4138
8 1 4138 4665
8 2 5352 6105
8 3 6105 6315
8 4 6315 6778
9 0 4138 5034
9 1 5034 5930
9 2 6306 6520
9 3 6520 6778
9 4 6778 7037
10 0 929 1461
10 1 1461 1763
10 2 2080 2581
10 3 2813 3578
10 4 4254 5242
