Solving instance: car1

Makespan: 7037
Job schedule (job, stage, start, end):
0 0 554 929
0 1 1531 1543
0 2 1543 1685
0 3 1685 1930
0 4 3444 3856
1 0 929 1561
1 1 1561 2013
1 2 2013 2771
1 3 2771 3049
1 4 3855 4253
2 0 14 26
2 1 655 1531
2 2 1685 1809
2 3 1930 2464
2 4 2679 3444
3 0 2093 2553
3 1 2553 3095
3 2 3272 3795
3 3 4037 4157
3 4 5241 5740
4 0 26 554
4 1 554 655
4 2 655 1444
4 3 1444 1568
4 4 1680 2679
5 0 3085 3881
5 1 3881 4126
5 2 4338 4970
5 3 5234 5609
5 4 6655 6778
6 0 2553 3085
6 1 3095 3325
6 2 3795 4338
6 3 4338 5234
6 4 5740 6192
7 0 0 14
7 1 14 138
7 2 138 352
7 3 352 895
7 4 895 1680
8 0 3881 4138
8 1 4138 4665
8 2 4970 5723
8 3 5723 5933
8 4 6192 6655
9 0 4138 5034
9 1 5034 5930
9 2 5930 6144
9 3 6144 6402
9 4 6778 7037
10 0 1561 2093
10 1 2093 2395
10 2 2771 3272
10 3 3272 4037
10 4 4253 5241
