Solving instance: abz5

Makespan: 1337
Job schedule (job, stage, machine, start, end):
0 0 4 0 88
0 1 8 144 212
0 2 6 259 353
0 3 5 353 452
0 4 1 486 553
0 5 2 621 710
0 6 9 710 787
0 7 7 963 1062
0 8 0 1062 1148
0 9 3 1148 1240
1 0 5 0 72
1 1 3 119 169
1 2 6 352 421
1 3 4 452 527
1 4 2 527 621
1 5 8 621 687
1 6 0 726 818
1 7 1 818 900
1 8 7 1062 1156
1 9 9 1274 1337
2 0 9 0 83
2 1 8 83 144
2 2 0 153 236
2 3 1 355 420
2 4 6 488 552
2 5 5 552 637
2 6 7 884 962
2 7 4 1037 1122
2 8 2 1122 1177
2 9 3 1240 1317
3 0 7 50 144
3 1 2 143 211
3 2 1 211 272
3 3 4 527 626
3 4 3 626 680
3 5 6 680 755
3 6 5 755 821
3 7 0 880 956
3 8 9 956 1019
3 9 8 1107 1174
4 0 3 49 119
4 1 4 267 355
4 2 9 355 437
4 3 8 437 532
4 4 0 532 631
4 5 2 880 947
4 6 6 947 1042
4 7 5 1113 1181
4 8 7 1181 1248
4 9 1 1248 1334
5 0 1 0 99
5 1 4 186 267
5 2 5 267 331
5 3 6 421 487
5 4 8 531 611
5 5 2 710 790
5 6 7 815 884
5 7 9 884 946
5 8 3 1069 1148
5 9 0 1148 1236
6 0 7 0 50
6 1 1 99 185
6 2 4 355 452
6 3 3 452 548
6 4 0 631 726
6 5 8 726 823
6 6 2 947 1013
6 7 5 1014 1113
6 8 6 1113 1165
6 9 9 1203 1274
7 0 4 88 186
7 1 6 186 259
7 2 3 259 341
7 3 2 476 527
7 4 1 553 624
7 5 5 636 730
7 6 7 730 815
7 7 0 818 880
7 8 8 880 975
7 9 9 1019 1098
8 0 0 0 94
8 1 6 94 165
8 2 3 169 250
8 3 7 250 335
8 4 1 420 486
8 5 2 789 879
8 6 4 879 955
8 7 5 955 1014
8 8 8 1014 1107
8 9 9 1107 1204
9 0 3 0 50
9 1 0 94 153
9 2 1 272 354
9 3 8 355 422
9 4 7 422 478
9 5 9 478 574
9 6 6 755 813
9 7 4 956 1037
9 8 5 1181 1240
9 9 2 1240 1336
