Solving instance Day17/instance.txt
Total penalty: 699

Landing list: (landing, earliest, target, latest)
1 165 129 155 559 
2 258 195 258 744 
3 98 89 98 510 
4 106 96 106 521 
5 118 110 123 555 
6 133 120 135 576 
7 125 124 138 577 
8 141 126 140 573 
9 150 135 150 591 
10 180 160 180 657 


Safety gaps:
99999     3    15    15    15    15    15    15    15    15 
    3 99999    15    15    15    15    15    15    15    15 
   15    15 99999     8     8     8     8     8     8     8 
   15    15     8 99999     8     8     8     8     8     8 
   15    15     8     8 99999     8     8     8     8     8 
   15    15     8     8     8 99999     8     8     8     8 
   15    15     8     8     8     8 99999     8     8     8 
   15    15     8     8     8     8     8 99999     8     8 
   15    15     8     8     8     8     8     8 99999     8 
   15    15     8     8     8     8     8     8     8 99999 
